No	 | [No] sequence 1	 | [No] sequence 2	 | Score
-----------------------------------------------------
1              6                31               199
-----------------------------------------------------
2              1                14               199
-----------------------------------------------------
3             30                42               198
-----------------------------------------------------
4             10                20               198
-----------------------------------------------------
5             24                25               198
-----------------------------------------------------
6             40                51               197
-----------------------------------------------------
7              8                13               197
-----------------------------------------------------
8              3                 4               196
-----------------------------------------------------
9             19                22               195
-----------------------------------------------------
10              0                 2               195
-----------------------------------------------------
11            200               325               140
-----------------------------------------------------
12             39               297               139
-----------------------------------------------------
13            166               259               139
-----------------------------------------------------
14            162               188               138
-----------------------------------------------------
15            326               358               138
-----------------------------------------------------
16             21               113               138
-----------------------------------------------------
17             68               123               137
-----------------------------------------------------
18             95               185               137
-----------------------------------------------------
19             61               241               137
-----------------------------------------------------
20              3               379               137
-----------------------------------------------------
